structure(list(FOV = 30, ignoreExtent = FALSE, mouseMode = structure(c("trackball", 
"zoom", "fov"), .Names = c("left", "right", "middle")), skipRedraw = FALSE, 
    userMatrix = structure(c(-0.754199385643005, 0.188459903001785, 
    -0.629020094871521, 0, 0.656164348125458, 0.25295826792717, 
    -0.710957229137421, 0, 0.02512919716537, -0.948944270610809, 
    -0.314442068338394, 0, 0, 0, 0, 1), .Dim = c(4L, 4L)), scale = c(0.988152623176575, 
    0.948120772838593, 1.07617294788361), zoom = 1, windowRect = c(12L, 
    110L, 911L, 947L), family = "sans", font = 1L, cex = 1, useFreeType = TRUE), .Names = c("FOV", 
"ignoreExtent", "mouseMode", "skipRedraw", "userMatrix", "scale", 
"zoom", "windowRect", "family", "font", "cex", "useFreeType"))
